      0/49     10.2G   0.03677   0.07375   0.04011    0.1506       452       640    0.4922    0.5517    0.5553    0.3621   0.05221   0.09445   0.03287
      1/49     10.5G   0.03206   0.06099   0.02389    0.1169       578       640    0.5019     0.595    0.5665    0.3594   0.05271   0.08597   0.03476
      2/49     11.2G   0.03098   0.05103   0.01509   0.09711       461       640    0.5164    0.7109    0.6213    0.4232   0.05021   0.08109   0.03576
      3/49     11.2G   0.03049   0.04867   0.01018   0.08935       590       640    0.6141    0.6758    0.6907    0.4614   0.05161   0.07764   0.03454
      4/49     11.2G   0.03029     0.042  0.008506    0.0808       314       640    0.8326    0.5991    0.7399    0.4599   0.05272   0.07755    0.0331
      5/49     11.2G   0.03018   0.04498  0.006898   0.08205       581       640    0.6451    0.8306    0.7876    0.5422   0.05145   0.07833   0.03048
      6/49     11.2G    0.0309   0.04186   0.00633   0.07909       472       640    0.7691    0.7426    0.8247    0.5353   0.05338   0.07755   0.02904
      7/49     11.2G   0.03197   0.04248  0.005367   0.07982       526       640    0.7238    0.7284    0.7461    0.3534   0.06283   0.07451   0.02808
      8/49     11.2G   0.04338   0.04048  0.005693   0.08955       522       640    0.6869    0.5802    0.6626    0.3228   0.06697   0.07311    0.0264
      9/49     11.2G   0.03829   0.04033  0.006074   0.08469       221       640    0.8577    0.7982    0.8435    0.4368   0.05519   0.07581   0.02283
     10/49     11.2G   0.03574   0.04393  0.005357   0.08503       436       640    0.7349    0.7721    0.8109    0.3833   0.05707   0.07673   0.02363
     11/49     11.2G   0.03526   0.04225  0.005293   0.08279       378       640    0.7103    0.8266    0.7905     0.474    0.0575   0.07681   0.02336
     12/49     11.2G   0.03732   0.04044  0.005295   0.08305       542       640    0.5819    0.7503    0.6402    0.2977   0.06655    0.0724    0.0228
     13/49     11.2G   0.03789   0.03816  0.005538   0.08159       539       640    0.6017    0.8274    0.7347    0.3872   0.05966   0.07833   0.02021
     14/49     11.2G   0.03565   0.04079  0.006003   0.08245       397       640    0.7417    0.7781    0.8015    0.4714    0.0565   0.07482   0.01855
     15/49     11.2G   0.03464    0.0389  0.004827   0.07837       365       640    0.6418    0.7375    0.7022    0.4258    0.0606   0.07249   0.01803
     16/49     11.2G   0.04058    0.0364  0.005712   0.08269       331       640    0.6542    0.8361    0.7508     0.388   0.06433   0.07095   0.01434
     17/49     11.2G   0.04048   0.04031  0.005539   0.08633       516       640    0.7063    0.7409    0.7328    0.3367   0.06723   0.06616   0.01231
     18/49     11.2G    0.0377   0.03664  0.005202   0.07954       480       640    0.8096    0.7809    0.8714    0.5165   0.06436   0.05998   0.01204
     19/49     11.2G   0.03734   0.03811  0.005246   0.08069       582       640     0.819     0.781     0.835    0.4983   0.06203   0.06232   0.01271
     20/49     11.2G    0.0369   0.03793  0.004717   0.07955       468       640     0.791    0.8234    0.8327    0.4049   0.06497   0.06509   0.01167
     21/49     11.2G   0.03691    0.0352  0.004444   0.07655       458       640    0.8667    0.8173    0.9015    0.5088   0.05887    0.0694   0.01087
     22/49     11.2G   0.03896   0.03675  0.004539   0.08025       410       640    0.7935    0.7716    0.8517    0.4091   0.06464   0.06862   0.01202
     23/49     11.2G   0.04263   0.03647  0.005413   0.08451       525       640    0.7899     0.692    0.7678    0.3397   0.07716   0.06603   0.01144
     24/49     11.2G   0.04652   0.03552  0.006346   0.08839       554       640     0.788    0.7623    0.7835    0.4102   0.06545   0.07883   0.01043
     25/49     11.2G   0.03974   0.04595   0.00659   0.09228       610       640    0.8235    0.7214    0.8258    0.5372   0.06366   0.07093   0.01097
     26/49     11.2G   0.03763   0.04257  0.006501   0.08669       539       640    0.7803    0.7638    0.8356    0.4309   0.06727   0.05955   0.01163
     27/49     11.2G   0.04399   0.03957  0.006471   0.09002       321       640     0.561    0.6823    0.6168    0.2851    0.0782     0.054   0.01145
     28/49     11.2G   0.04182   0.04224  0.005576   0.08964       471       640    0.9437    0.7929    0.9015    0.5407   0.06826   0.05626   0.01202
     29/49     11.2G   0.03989   0.04346  0.005696   0.08904       448       640    0.7937    0.6862     0.821    0.4186   0.07758   0.05194   0.01424
     30/49     11.2G   0.04026   0.03961  0.005279   0.08515       617       640     0.721    0.7354    0.8063    0.4399   0.07196   0.05417  0.009835
     31/49     11.2G   0.04006   0.04289  0.004719   0.08766       262       640    0.7188    0.6666    0.7435    0.3734    0.0773    0.0486  0.009213
     32/49     11.2G   0.04401   0.04061   0.00501   0.08963       608       640     0.844     0.786    0.8657    0.5098   0.07284   0.05733     0.011
     33/49     11.2G   0.03602   0.04364  0.005839   0.08549       399       640    0.8736    0.9051    0.9219    0.6203    0.0669   0.05399   0.01012
     34/49     11.2G   0.03725   0.04213  0.005859   0.08523       371       640    0.9155    0.8684    0.9288    0.6033    0.0647   0.05196   0.01063
     35/49     11.2G   0.03446   0.04213  0.005138   0.08172       566       640    0.9393    0.8159     0.908    0.5637   0.06947   0.05121  0.008439
     36/49     11.2G   0.03757   0.04059  0.004825   0.08298       524       640    0.9277    0.8421    0.9188     0.613   0.06733   0.05378  0.007782
     37/49     11.2G   0.03323   0.04133  0.004285   0.07885       489       640    0.9264    0.9069    0.9449    0.6426   0.06526   0.05217  0.008008
     38/49     11.2G   0.03559   0.03648  0.003951   0.07603       492       640    0.9332    0.8619    0.9352    0.6258    0.0668   0.05046  0.008033
     39/49     11.2G   0.03786   0.03855  0.004287   0.08069       582       640    0.9475    0.8756    0.9434    0.5854   0.06542   0.05241  0.008536
     40/49     11.2G   0.03373   0.03777  0.004289   0.07578       490       640    0.9287    0.9035    0.9556    0.6305   0.06474   0.05103  0.007876
     41/49     11.2G   0.03135   0.03904  0.003834   0.07422       300       640    0.9508    0.8988    0.9569    0.5843   0.06642   0.04866  0.007337
     42/49     11.2G   0.03585    0.0424   0.00434   0.08258       421       640    0.9512     0.894    0.9552    0.6442   0.06552   0.04875  0.008688
     43/49     11.2G   0.03595   0.03874  0.004349   0.07903       415       640    0.9654    0.8348    0.9421    0.6276   0.06112   0.05559   0.00923
     44/49     11.2G   0.03128   0.04026  0.004539   0.07608       302       640    0.9302    0.9322    0.9617    0.6707   0.05762    0.0573  0.009182
     45/49     11.2G   0.02842   0.03724  0.003973   0.06963       466       640    0.9174    0.9349    0.9657    0.6396   0.05946   0.05825   0.00874
     46/49     11.2G   0.02856   0.03971  0.003591   0.07186       430       640    0.9498    0.9207    0.9688    0.6834   0.05947   0.05586  0.008537
     47/49     11.2G   0.02878    0.0359  0.003362   0.06804       481       640    0.9521    0.9184    0.9693    0.6447   0.05682   0.05488  0.008519
     48/49     11.2G   0.02924   0.04108  0.003583    0.0739       367       640    0.9504    0.9267     0.968    0.6444   0.05929   0.05242  0.008367
     49/49     11.2G    0.0315   0.03823  0.003161    0.0729       534       640    0.8249    0.8602     0.875    0.5826   0.06061   0.05317  0.008544
