      0/49     9.82G   0.03328    0.0372   0.03806    0.1085       157       640    0.6048    0.5727    0.5982    0.4024   0.05149   0.05033   0.03216
      1/49     10.1G   0.03048   0.03388    0.0235   0.08786       248       640     0.609    0.6036    0.6264    0.4158   0.05286   0.04752   0.03308
      2/49     10.7G   0.03083   0.02759   0.01348    0.0719       160       640    0.5684    0.7029    0.6573    0.4419   0.05335   0.04691   0.03126
      3/49     10.7G   0.03079   0.02615   0.01085   0.06778       197       640    0.7298     0.657    0.6932    0.4219   0.05263   0.04678   0.03269
      4/49     10.7G   0.03197   0.02318  0.008397   0.06354       177       640    0.6399    0.6916    0.7148    0.4756   0.05209   0.04674   0.02882
      5/49     10.7G   0.02965   0.02307  0.007681    0.0604       146       640     0.807    0.6291    0.7316    0.4188   0.05597    0.0461   0.02637
      6/49     10.7G   0.03073   0.02238  0.006275   0.05938       163       640     0.649    0.8364     0.769    0.4502   0.05609   0.04554   0.02393
      7/49     10.7G   0.03141   0.02203    0.0064   0.05983       212       640    0.5501    0.7751    0.6397    0.2746   0.06503   0.04176   0.02549
      8/49     10.7G   0.04054   0.02176  0.005904    0.0682       247       640    0.5648    0.8033    0.6357    0.3027   0.06509   0.04143    0.0226
      9/49     10.7G   0.03772   0.02109    0.0067    0.0655        69       640    0.7951    0.7762    0.7842    0.4504   0.05286   0.04274   0.02315
     10/49     10.7G   0.03585   0.02341  0.006157   0.06543       156       640    0.6766    0.4571    0.5048    0.2614   0.06329    0.0458   0.02352
     11/49     10.7G   0.03607   0.02555  0.007152   0.06876       106       640    0.8069    0.4931    0.6831    0.4089   0.06262   0.04359   0.02445
     12/49     10.7G   0.03514   0.02285  0.005761   0.06375       183       640    0.6641    0.7926    0.8016    0.4119   0.06377   0.04098   0.02142
     13/49     10.7G   0.03572   0.02098  0.005458   0.06217       201       640    0.6321    0.8565    0.7914    0.4481   0.06375   0.03972   0.01791
     14/49     10.7G   0.03642    0.0199  0.005556   0.06187       115       640    0.5994    0.8329    0.7336    0.3812   0.06773   0.03886   0.01883
     15/49     10.7G   0.03777   0.02119  0.005167   0.06413       161       640    0.7138    0.8011    0.7484    0.3705   0.06809   0.03983   0.01763
     16/49     10.7G   0.03603   0.02005  0.005866   0.06195        54       640    0.7726    0.7822    0.8097    0.4388   0.07057   0.04005   0.01602
     17/49     10.7G   0.03691   0.02082  0.005128   0.06286       180       640    0.7518    0.8245    0.8433    0.4555    0.0649   0.03922   0.01589
     18/49     10.7G   0.03612   0.02123  0.005528   0.06287       180       640    0.8219    0.8739    0.8716    0.5112   0.06812   0.03768   0.01503
     19/49     10.7G   0.03406   0.02117  0.005134   0.06036       186       640     0.835    0.8078    0.8616    0.5425   0.06554   0.03697   0.01453
     20/49     10.7G   0.03427   0.02163  0.004847   0.06075       178       640    0.8202     0.831    0.8854    0.5735   0.06457   0.03874   0.01428
     21/49     10.7G   0.03454   0.02146  0.004427   0.06042       151       640    0.9201    0.7682    0.8942    0.5632   0.06515   0.03915   0.01459
     22/49     10.7G   0.03316   0.02034  0.004172   0.05767       151       640    0.9043    0.7829    0.8822    0.5241   0.06687    0.0375   0.01543
     23/49     10.7G   0.03898   0.02196  0.005087   0.06603       153       640    0.5187    0.8009    0.6607    0.2868   0.07057   0.03649   0.01802
     24/49     10.7G   0.04574   0.01846  0.005677   0.06988       186       640    0.7399    0.6231    0.7106    0.3431   0.08075   0.03126   0.01322
     25/49     10.7G   0.04198   0.02023     0.006   0.06821       217       640     0.759    0.7748     0.792     0.379   0.07899   0.03003   0.01097
     26/49     10.7G   0.04076   0.01766  0.005142   0.06356       172       640    0.7613    0.5992    0.7018     0.347    0.0823   0.02667  0.008645
     27/49     10.7G   0.04646   0.01709   0.00514    0.0687       113       640    0.5442    0.7728    0.6428    0.2193   0.08316   0.02799   0.00907
     28/49     10.7G   0.04187    0.0189  0.006037    0.0668       127       640    0.6469    0.8308    0.7472    0.3534   0.07753   0.02742  0.009004
     29/49     10.7G   0.04298   0.01964  0.005051   0.06767       140       640     0.884    0.6907    0.8444    0.2982   0.07802   0.02651  0.008488
     30/49     10.7G   0.03896   0.01801   0.00576   0.06273       254       640    0.6441    0.8606    0.7623    0.3905   0.06838   0.03107  0.007768
     31/49     10.7G   0.03676   0.02047  0.004476   0.06171       135       640    0.5282    0.8349    0.7142    0.3688   0.07498   0.02747  0.006134
     32/49     10.7G   0.03689   0.01829  0.004384   0.05956       240       640     0.756    0.8294    0.8465    0.5473   0.07164   0.02749  0.006598
     33/49     10.7G   0.03998   0.01899  0.004364   0.06333       148       640    0.6945    0.8352     0.844    0.3668   0.07583   0.02874  0.006941
     34/49     10.7G   0.04087   0.01901  0.004782   0.06466       132       640    0.8356    0.8918    0.8865    0.5088   0.07728   0.02884  0.007048
     35/49     10.7G   0.03678   0.01913  0.004366   0.06028       178       640    0.8784    0.8904    0.9057    0.6348   0.07092   0.02937  0.005644
     36/49     10.7G   0.03474   0.01788  0.003562   0.05618       190       640    0.8528    0.8761    0.9027     0.563   0.07163   0.02819  0.005561
     37/49     10.7G    0.0353   0.01909  0.004024   0.05842       220       640     0.875    0.8791    0.9082    0.6112   0.06963   0.02876  0.006829
     38/49     10.7G   0.03334   0.01673  0.004107   0.05418       175       640    0.8041    0.8248    0.8117    0.4598   0.07059    0.0282  0.006497
     39/49     10.7G   0.04005   0.01774  0.004059   0.06185       212       640    0.8503    0.7947    0.8674    0.5164   0.07485    0.0286  0.007437
     40/49     10.7G    0.0363   0.01753    0.0047   0.05854       192       640    0.8174    0.8929    0.8828    0.4691     0.065   0.03095   0.00825
     41/49     10.7G   0.03208   0.01869  0.004056   0.05482       111       640    0.8761      0.81    0.8909      0.55    0.0647   0.02979  0.006394
     42/49     10.7G   0.03189   0.02072  0.003865   0.05648       188       640    0.8727    0.8156    0.8962    0.5381   0.06761   0.02829  0.005707
     43/49     10.7G    0.0334   0.01898   0.00374   0.05612       205       640     0.907     0.791    0.8886    0.5358   0.06395   0.02933  0.006164
     44/49     10.7G    0.0324   0.01826  0.003406   0.05406       122       640    0.8819     0.891    0.9055    0.5514   0.06234   0.03047  0.006159
     45/49     10.7G   0.02912   0.01683  0.003505   0.04946       191       640    0.9037    0.8563     0.903     0.595   0.06318   0.03015  0.005954
     46/49     10.7G   0.03047   0.01956  0.002952   0.05298       102       640    0.9017    0.8861    0.9083    0.6172   0.06273   0.02913  0.005687
     47/49     10.7G   0.03151   0.01631  0.002906   0.05072       139       640    0.9102    0.8772    0.9111    0.6235   0.06206   0.02994  0.005542
     48/49     10.7G   0.03042    0.0209  0.003266   0.05458       119       640    0.9363    0.8791    0.9163    0.6369   0.06114   0.03019   0.00553
     49/49     10.7G   0.02993   0.01881   0.00299   0.05173       270       640    0.9081    0.8836    0.9036    0.5836   0.06232   0.03084  0.005862
