      0/49     3.63G   0.02358   0.02833   0.01394   0.06585       321       640    0.9249    0.9472    0.9822    0.8878   0.04729    0.0473   0.02442
      1/49     3.31G   0.02286   0.02784   0.01234   0.06305       485       640    0.8927    0.9557    0.9841    0.8755   0.04744   0.04407   0.02142
      2/49     4.35G   0.02159    0.0261  0.008162   0.05585       369       640    0.9237    0.9341     0.981    0.8692    0.0469    0.0435   0.02003
      3/49     4.35G    0.0226   0.02846  0.009492   0.06055       513       640    0.9168    0.9195    0.9758    0.8466   0.04687   0.04381   0.01965
      4/49     4.35G   0.02231   0.02419  0.008766   0.05527       296       640     0.889    0.9595    0.9676    0.8158   0.04746   0.04535   0.01861
      5/49     4.35G   0.02252    0.0267  0.006799   0.05602       450       640    0.9032    0.9283    0.9692    0.8367   0.04812   0.04504   0.01907
      6/49     4.35G   0.02316   0.02717  0.008563   0.05889       348       640    0.8876    0.9371    0.9663    0.8478   0.05065   0.04445   0.01912
      7/49     4.35G   0.02565   0.02619  0.008226   0.06006       413       640    0.8012    0.9305     0.943    0.5864   0.06343   0.04634   0.02033
      8/49     4.36G   0.03389   0.02691  0.008736   0.06954       486       640    0.7277    0.9039     0.861    0.5521   0.05633   0.04956   0.02027
      9/49     4.36G   0.03161   0.02705  0.008942    0.0676       175       640     0.908    0.9008    0.9589    0.8269   0.05319   0.04539   0.02092
     10/49     4.36G   0.03074   0.03021  0.007937   0.06889       394       640    0.7815    0.8805    0.8753    0.5366   0.06288   0.04347    0.0215
     11/49     4.36G   0.03655   0.03194  0.009042   0.07754       320       640    0.7329     0.895    0.8533    0.4909   0.06133   0.04384   0.01921
     12/49     4.36G   0.03738   0.02891  0.008134   0.07442       369       640    0.7189    0.8959    0.8642    0.5781   0.06165   0.04373   0.01837
     13/49     4.36G   0.03577   0.02783  0.007888   0.07149       421       640    0.8474    0.8592    0.9205    0.6696     0.061   0.04077   0.01635
     14/49     4.36G   0.03544   0.02924  0.007911    0.0726       310       640    0.7129    0.6455    0.7184    0.3421   0.08315   0.03603    0.0161
     15/49     4.36G   0.04553   0.02626  0.007023   0.07881       327       640     0.596    0.7649    0.7392    0.4043   0.07386   0.03837   0.01685
     16/49     4.36G   0.04087   0.02641  0.009231   0.07651       248       640    0.7811    0.8051    0.8366      0.49   0.07687   0.04037   0.01649
     17/49     4.36G   0.03666   0.03119  0.008856   0.07671       406       640    0.8898    0.7477     0.848     0.592   0.07365   0.03854   0.01551
     18/49     4.36G    0.0382   0.02735   0.00922   0.07477       377       640    0.8686    0.7853    0.8853    0.4123   0.08018   0.03587   0.01533
     19/49     4.36G   0.03742    0.0276  0.009397   0.07442       471       640    0.9781    0.7545     0.905    0.6328   0.06699   0.04005   0.01384
     20/49     4.36G   0.03658   0.02965  0.007965    0.0742       393       640    0.8082    0.8358    0.8601    0.4903   0.06481   0.03721   0.01372
     21/49     4.36G   0.03294   0.02853  0.007427    0.0689       387       640    0.8823    0.8268    0.9036    0.6871    0.0682   0.03475   0.01526
     22/49     4.36G   0.03772   0.02901  0.008477   0.07521       349       640    0.5619    0.7978    0.7038    0.3008   0.07947   0.03545   0.01469
     23/49     4.36G   0.04224   0.02991  0.007726   0.07987       473       640    0.7263    0.8107    0.8071    0.4524   0.07429   0.03609   0.01542
     24/49     4.36G   0.04288   0.02574  0.008145   0.07677       462       640    0.7389    0.8354    0.8338    0.4529   0.09007   0.03203   0.01481
     25/49     4.36G   0.04754   0.02489  0.008794   0.08122       479       640     0.536    0.7873    0.6494    0.2397   0.09334   0.03637   0.01832
     26/49     4.36G     0.046   0.02358  0.009431   0.07901       399       640    0.6949    0.7814    0.7508    0.4195   0.08729   0.03734   0.01654
     27/49     4.36G   0.04012   0.02597  0.008456   0.07455       268       640    0.8337    0.8646    0.8856     0.662   0.08349   0.03565   0.01598
     28/49     4.36G    0.0397   0.02711   0.00944   0.07624       327       640    0.5755     0.838    0.7309    0.3789   0.08394   0.03637   0.01691
     29/49     4.36G   0.04194   0.03047  0.009705   0.08211       337       640    0.5255    0.8094    0.6644    0.4022   0.08437   0.03647   0.01671
     30/49     4.36G   0.04392    0.0253  0.008722   0.07794       536       640     0.902     0.789    0.8876    0.5091   0.08958   0.03355   0.01573
     31/49     4.36G   0.04154    0.0272  0.009024   0.07776       225       640    0.9137    0.7742     0.912    0.6987   0.08065   0.03546   0.01485
     32/49     4.36G   0.03905   0.02558  0.008098   0.07273       479       640    0.8565    0.7972    0.8924    0.5447   0.07723   0.03666   0.01496
     33/49     4.36G   0.03708   0.02653  0.007957   0.07157       331       640     0.879    0.8367    0.9233    0.6543   0.06829   0.03918    0.0155
     34/49     4.36G   0.03396   0.02915  0.007952   0.07106       275       640    0.9305    0.8606     0.925    0.6959   0.06736   0.03855    0.0155
     35/49     4.36G   0.03524   0.02917   0.00752   0.07193       431       640    0.8324    0.8366    0.9057    0.5668   0.06949    0.0367   0.01499
     36/49     4.36G   0.03331   0.02747  0.007122    0.0679       359       640    0.8384    0.8913    0.9372    0.6949   0.06109    0.0377   0.01466
     37/49     4.36G   0.02955   0.02931  0.005702   0.06456       404       640    0.8547    0.8899    0.9252    0.7215   0.06573   0.03605   0.01409
     38/49     4.36G   0.03332    0.0268  0.006325   0.06644       371       640    0.7639     0.766    0.8215    0.3787   0.06899   0.03698   0.01437
     39/49     4.36G    0.0392   0.02649  0.006765   0.07245       483       640    0.8257    0.9005     0.899     0.504   0.07101   0.03799   0.01763
     40/49     4.36G   0.03744   0.02584  0.006926   0.07021       369       640    0.8574    0.8845     0.923    0.6332   0.07331   0.03768   0.01768
     41/49     4.36G   0.03472   0.02641  0.006727   0.06786       226       640    0.8596    0.8633    0.9252    0.6987   0.07229   0.03743   0.01654
     42/49     4.36G   0.03429   0.03035  0.007273   0.07191       347       640    0.9031     0.886    0.9418    0.7406   0.06692   0.03775   0.01582
     43/49     4.36G   0.03199   0.02722  0.006681   0.06588       322       640    0.9207    0.8617    0.9233    0.6398   0.06481   0.03879   0.01477
     44/49     4.36G   0.03111   0.02954  0.006644    0.0673       260       640    0.8713    0.8847    0.9322    0.7279   0.06352   0.03827   0.01414
     45/49     4.36G   0.02929   0.02824  0.005991   0.06352       327       640    0.8624    0.9368    0.9375    0.7421    0.0613   0.03711   0.01437
     46/49     4.36G   0.03075   0.03039  0.005991   0.06713       324       640    0.9045    0.9063    0.9357    0.7376   0.06053   0.03534   0.01432
     47/49     4.36G   0.02887   0.02704  0.005538   0.06144       404       640    0.8943    0.9194    0.9385    0.7168   0.06134   0.03553   0.01488
     48/49     4.36G   0.02792   0.03075  0.005928    0.0646       281       640    0.9166     0.898    0.9401      0.73   0.06258   0.03529   0.01538
     49/49     4.36G   0.02574   0.02736  0.005808   0.05891       437       640    0.8634    0.9067    0.9418    0.7211   0.06212    0.0352   0.01492
