      0/49     3.64G   0.02348   0.02763  0.004524   0.05563       322       640    0.9506     0.927    0.9761    0.8915   0.04568   0.04869  0.007176
      1/49     3.32G   0.02242   0.02631  0.004682   0.05341       466       640    0.9276    0.9325    0.9753    0.8785   0.04608   0.04572  0.006954
      2/49     4.35G   0.02185   0.02468  0.004338   0.05086       341       640    0.9261    0.9327    0.9754    0.8748   0.04649   0.04457  0.006803
      3/49     4.35G   0.02167   0.02709  0.004083   0.05284       524       640    0.9257    0.9268    0.9752    0.8676   0.04636   0.04463  0.006892
      4/49     4.35G   0.02159   0.02274  0.003741   0.04807       261       640    0.9425    0.9152    0.9733    0.8641   0.04551   0.04579  0.006996
      5/49     4.35G   0.02156   0.02523   0.00382   0.05061       436       640    0.9212    0.9166    0.9704    0.8361   0.04786   0.04546  0.007362
      6/49     4.35G   0.02206   0.02408  0.003759   0.04989       356       640    0.9197     0.915    0.9704    0.8404   0.04784    0.0463  0.007706
      7/49     4.35G   0.02396    0.0256  0.003722   0.05328       397       640    0.8827    0.9067    0.9202    0.6571   0.05643   0.04738  0.008347
      8/49     4.37G    0.0307   0.02699  0.003773   0.06146       425       640    0.8366    0.9357    0.9461    0.7051   0.05256    0.0492   0.01013
      9/49     4.37G   0.02789   0.02628   0.00401   0.05817       152       640    0.9209    0.9107    0.9685    0.6572   0.05182   0.04744  0.009302
     10/49     4.37G   0.03024   0.02804  0.003818    0.0621       315       640    0.9208    0.7953    0.9385    0.6783   0.05928    0.0466  0.009365
     11/49     4.37G   0.03135   0.02996  0.004638   0.06595       301       640    0.9102    0.8611    0.9589    0.7286   0.05568   0.04387  0.008217
     12/49     4.37G   0.03095   0.02739  0.004121   0.06246       403       640    0.9451    0.8665    0.9602    0.6587   0.05297   0.04573  0.009787
     13/49     4.37G   0.03136   0.02591  0.004501   0.06177       386       640    0.8376    0.9037    0.9435    0.6182   0.05387    0.0478  0.009873
     14/49     4.37G   0.02962    0.0265  0.004584    0.0607       287       640     0.876    0.9037    0.9531     0.718    0.0552   0.04452  0.009441
     15/49     4.37G   0.03049   0.02455   0.00455   0.05959       251       640    0.9395    0.8746    0.9614    0.6191   0.05603    0.0463   0.01021
     16/49     4.37G   0.03404   0.02687   0.00458   0.06549       265       640    0.8734    0.8418    0.9401    0.6785   0.06229   0.04576    0.0106
     17/49     4.37G   0.03202   0.02825  0.004583   0.06485       365       640    0.9372    0.8772    0.9562    0.6515   0.05838   0.04366  0.009972
     18/49     4.37G   0.03039   0.02734  0.004015   0.06174       368       640    0.8565    0.9037    0.9396    0.6527   0.05693   0.04286  0.009234
     19/49     4.37G   0.03096   0.02921  0.004032    0.0642       464       640    0.7919    0.9008    0.9296    0.5775   0.06784   0.04261  0.008814
     20/49     4.37G   0.03274   0.02822  0.004313   0.06528       369       640    0.9003    0.9019    0.9564    0.7223   0.06239   0.04331   0.00832
     21/49     4.37G   0.03293   0.02616  0.004527   0.06362       339       640    0.7937    0.8697    0.8898    0.5713   0.06562   0.04343   0.00786
     22/49     4.37G   0.03238   0.02971   0.00457   0.06666       354       640    0.8411    0.8925    0.9388    0.6802   0.04665   0.04696  0.009133
     23/49     4.37G   0.03607   0.02962  0.004075   0.06976       415       640    0.6439    0.7449    0.7653    0.3968   0.07008   0.04322  0.009202
     24/49     4.37G    0.0473   0.02299  0.004925   0.07522       444       640    0.6376    0.7979    0.7362     0.341   0.08063   0.04171    0.0099
     25/49     4.37G   0.04391   0.02395  0.005375   0.07324       448       640    0.6994    0.8584    0.8636    0.5396   0.06775   0.04281   0.00838
     26/49     4.37G   0.03886   0.02187  0.004678   0.06541       350       640    0.6991    0.8265    0.8225     0.522   0.07023   0.04136  0.008385
     27/49     4.37G   0.04112    0.0223  0.004468   0.06788       248       640    0.7138    0.8364    0.8453    0.5342   0.07081   0.04324  0.008361
     28/49     4.37G   0.03857   0.02378   0.00478   0.06713       297       640    0.8555    0.8554    0.9307    0.6353    0.0642   0.04278  0.008598
     29/49     4.37G    0.0364   0.02419  0.004392   0.06498       358       640    0.8165    0.8986    0.9352    0.6634   0.06567    0.0429   0.00862
     30/49     4.37G   0.03598   0.02195  0.004355   0.06228       474       640    0.9343    0.8491    0.9458    0.5072   0.06283   0.04684  0.008954
     31/49     4.37G   0.03642   0.02435  0.004397   0.06517       201       640    0.9121    0.8299    0.9436    0.5972   0.06137   0.04584  0.008746
     32/49     4.37G    0.0338   0.02278  0.004218    0.0608       419       640    0.7991    0.8562    0.9041    0.5708   0.06401   0.04629  0.008888
     33/49     4.37G    0.0354   0.02347  0.003746   0.06262       298       640    0.8209    0.8488    0.8994    0.6821   0.06563   0.04412  0.009134
     34/49     4.37G   0.03498   0.02267  0.004776   0.06243       303       640     0.811    0.9013    0.9323    0.6523   0.06407   0.04507   0.01066
     35/49     4.37G   0.03609   0.02288  0.004291   0.06326       403       640    0.9426    0.8235    0.9525    0.7353   0.06744   0.04576   0.01072
     36/49     4.37G   0.03347   0.02196  0.005089   0.06053       319       640    0.8993    0.8709    0.9443    0.7126   0.06211   0.04703   0.01305
     37/49     4.37G   0.03094   0.02262  0.004991   0.05856       372       640    0.8893    0.8698    0.9475    0.7187   0.05824   0.04936   0.01196
     38/49     4.37G   0.03147   0.02037  0.004946   0.05679       345       640    0.8516     0.915    0.9474    0.6977   0.05973   0.05189   0.01031
     39/49     4.37G   0.03651   0.02164  0.004328   0.06248       474       640    0.9301    0.8203    0.9286     0.708   0.06568   0.04741   0.00982
     40/49     4.37G   0.03667   0.01986  0.004858   0.06139       345       640    0.9239    0.8459    0.9364    0.7978   0.06505   0.04581  0.009948
     41/49     4.37G   0.03014   0.02083  0.003731   0.05469       213       640    0.8169     0.931    0.9426    0.7063   0.06276   0.04797  0.009372
     42/49     4.37G   0.03155   0.02398  0.004357   0.05988       331       640      0.82    0.9473    0.9443    0.6895   0.05979   0.04875  0.009801
     43/49     4.37G   0.03146   0.02226  0.004008   0.05773       294       640    0.8435     0.943    0.9468    0.7468     0.057   0.04997    0.0103
     44/49     4.37G   0.03053   0.02305  0.003911   0.05749       266       640    0.8635    0.9411     0.952       0.8   0.05328   0.04914   0.01068
     45/49     4.37G   0.02585   0.02179  0.003362     0.051       380       640    0.8636     0.946    0.9548     0.732   0.05699    0.0476   0.01004
     46/49     4.37G   0.02801   0.02251   0.00349   0.05401       332       640    0.9159    0.8845    0.9528    0.7731   0.05599   0.04758  0.009533
     47/49     4.37G   0.03097   0.02097  0.002854   0.05479       329       640    0.8694    0.8438    0.9149    0.6709   0.05732   0.04822  0.009659
     48/49     4.37G   0.03047   0.02491  0.003584   0.05897       256       640    0.9446    0.8303    0.9393    0.7817    0.0543   0.04899  0.009658
     49/49     4.37G   0.02479   0.02114  0.003115   0.04905       383       640    0.9086    0.8847    0.9514    0.7699   0.05595   0.04794   0.00913
