      0/49     10.4G   0.03366   0.03886    0.0384    0.1109       168       640    0.7301    0.5663    0.6465    0.4525   0.04701   0.05765    0.0265
      1/49     10.3G   0.03252   0.03733   0.02232   0.09217       248       640    0.9081    0.4766    0.6421    0.4454   0.04675   0.05361    0.0298
      2/49     10.9G   0.03155   0.02993   0.01406   0.07553       211       640    0.8487     0.515    0.6686    0.4591    0.0477   0.05185   0.02794
      3/49     10.9G   0.03108   0.02842  0.009861   0.06937       257       640    0.9135    0.4908    0.6817    0.4155   0.04973   0.05069   0.02778
      4/49     10.9G   0.03063   0.02433  0.006973   0.06194       138       640    0.7867    0.5748    0.7106    0.4069    0.0505    0.0496   0.02969
      5/49     10.9G   0.03214   0.02667  0.007406   0.06621       224       640    0.8361    0.5923    0.7256    0.4657   0.05139   0.04868   0.02667
      6/49     10.9G    0.0319   0.02461  0.006527   0.06304       192       640    0.8605    0.5944    0.7376     0.494   0.04871   0.04955   0.02649
      7/49     10.9G   0.03286   0.02415  0.005867   0.06287       232       640    0.5542     0.558    0.5913    0.2803   0.06252   0.04467    0.0252
      8/49       11G   0.04052   0.02315   0.00582   0.06949       233       640    0.5665    0.6613    0.6404    0.3647   0.05781   0.04659   0.02439
      9/49       11G   0.03673   0.02283  0.006793   0.06635        79       640    0.8009    0.6235    0.7196    0.3838   0.05455   0.04656   0.02252
     10/49       11G   0.03803   0.02395  0.006399   0.06837       188       640    0.9095    0.6542    0.7875    0.5219   0.05588   0.04453    0.0214
     11/49       11G     0.037   0.02555  0.006096   0.06864       182       640    0.9144    0.6701    0.8074    0.5366    0.0541   0.04545   0.02051
     12/49       11G   0.03722   0.02445  0.005538    0.0672       201       640    0.8374    0.6631    0.7778    0.4813   0.05595   0.04517    0.0214
     13/49       11G   0.03492   0.02226  0.005286   0.06247       279       640    0.8486    0.7285    0.8261     0.526   0.05153   0.04861   0.02028
     14/49       11G   0.03535   0.02375  0.005654   0.06476       161       640     0.808    0.7778    0.8143    0.4557   0.05857   0.04372    0.0205
     15/49       11G   0.03697   0.02168  0.005077   0.06373       172       640    0.8209    0.7917    0.8376    0.4632   0.05236    0.0459   0.01656
     16/49       11G   0.03445   0.02282  0.005397   0.06267       124       640    0.7314    0.7895    0.8212    0.4726   0.05495   0.04637    0.0164
     17/49       11G    0.0344   0.02384   0.00422   0.06246       191       640     0.684    0.6245     0.699    0.3746   0.06178   0.04299   0.01581
     18/49       11G   0.03643     0.023  0.004828   0.06425       218       640    0.7576    0.6483    0.7746    0.4042   0.05949    0.0433   0.01479
     19/49       11G   0.03624   0.02326  0.005224   0.06472       245       640    0.9342    0.7856    0.8928    0.5565   0.05152   0.04273   0.01513
     20/49       11G   0.03538   0.02309  0.005087   0.06356       181       640    0.8276    0.6585    0.7968    0.4319   0.05804   0.04421   0.01355
     21/49       11G    0.0361   0.02388  0.004487   0.06446       174       640    0.8464    0.7849     0.852    0.5507   0.05703   0.04137   0.01278
     22/49       11G   0.03573   0.02316  0.004413    0.0633       170       640    0.5646    0.8012    0.6941    0.3766   0.06097   0.04265   0.01343
     23/49       11G   0.03934   0.02499  0.004934   0.06926       268       640      0.58    0.6163    0.6125    0.2251    0.0669   0.04045   0.01219
     24/49       11G   0.04295   0.02326   0.00582   0.07203       214       640    0.7202    0.7233     0.753    0.3443   0.06345   0.03957   0.01105
     25/49       11G   0.04056    0.0242  0.005421   0.07017       195       640    0.7392    0.7792    0.7947    0.4727   0.06384   0.03759   0.01121
     26/49       11G     0.044   0.02125  0.005461   0.07071       187       640    0.7151    0.6894    0.6997    0.3598   0.06601   0.03874    0.0116
     27/49       11G   0.03868   0.02321  0.006302   0.06819       122       640    0.8026    0.7325    0.8121    0.4063   0.06666   0.03658  0.009892
     28/49       11G   0.03923   0.02403  0.004917   0.06818       167       640    0.7073    0.6346    0.7219    0.4138   0.06408    0.0342   0.00788
     29/49       11G   0.04282   0.02421  0.005323   0.07236       172       640     0.869    0.6611    0.7623    0.3697   0.06897   0.03118  0.008058
     30/49       11G   0.04472   0.02138  0.005894   0.07199       328       640    0.8346    0.7545    0.8217    0.4245   0.07148   0.03117   0.00751
     31/49       11G   0.04284    0.0235  0.005441   0.07179       165       640    0.7793    0.7453    0.7955    0.3776   0.06861   0.03132  0.007336
     32/49       11G   0.04067   0.02088  0.004725   0.06628       248       640    0.8223    0.7454    0.8176    0.4941   0.07416   0.02986  0.006082
     33/49       11G   0.03938   0.02018  0.004498   0.06405       182       640      0.83    0.7936    0.8527    0.4963   0.07204   0.03234   0.00708
     34/49       11G   0.03564   0.01949   0.00523   0.06036       128       640    0.9085    0.7712    0.8481     0.508   0.07034   0.03213  0.007165
     35/49       11G   0.03615    0.0201  0.004532   0.06078       221       640    0.9474    0.8215    0.8827    0.5632   0.07052   0.03134  0.006677
     36/49       11G   0.03466   0.02012  0.004653   0.05943       217       640    0.9039    0.8211    0.8876    0.5737   0.07133   0.03046  0.006747
     37/49       11G     0.035   0.02033  0.004323   0.05966       173       640    0.9091    0.8181    0.8877    0.5371   0.06836   0.03126  0.006696
     38/49       11G    0.0359   0.01858  0.004079   0.05856       237       640    0.7625    0.8317    0.8364    0.4628   0.07526   0.02966  0.006744
     39/49       11G   0.03832   0.01919   0.00436   0.06187       307       640    0.8112    0.7964    0.8375    0.4562   0.06899   0.03257  0.007507
     40/49       11G   0.03326   0.01963  0.004128   0.05703       216       640    0.8815    0.8059    0.8629    0.5739   0.06674   0.03182  0.007394
     41/49       11G   0.03203    0.0196  0.004125   0.05575       108       640    0.8637    0.8184    0.8567    0.4562   0.07054   0.02969  0.006323
     42/49       11G   0.03694   0.02213  0.004199   0.06327       181       640    0.9312     0.838     0.901    0.6115   0.06584   0.03067  0.006478
     43/49       11G   0.03269   0.02049  0.004164   0.05735       164       640    0.9446     0.816    0.8974      0.61   0.06489   0.03088  0.006507
     44/49       11G   0.03123    0.0194  0.003606   0.05424       111       640    0.9251    0.8223    0.8837    0.6164   0.06779   0.03054  0.006447
     45/49       11G   0.03173   0.01792  0.003767   0.05341       192       640    0.9639    0.8154    0.8923    0.5735   0.06581   0.03068  0.006449
     46/49       11G   0.03201   0.01982  0.003257   0.05509       123       640    0.9493    0.8274    0.8961    0.6124    0.0618   0.03135  0.007054
     47/49       11G   0.02966   0.01723  0.003342   0.05023       218       640    0.9281    0.8324    0.8913    0.5926   0.06259   0.03168  0.006857
     48/49       11G   0.03071   0.02178  0.003283   0.05577       157       640    0.9225     0.829    0.8948    0.6266   0.06264    0.0313  0.006455
     49/49       11G    0.0291   0.01913  0.002815   0.05105       207       640    0.9373    0.8277    0.8919    0.5989   0.06368    0.0311  0.006077
