      0/49     10.4G   0.03368   0.03886   0.03845     0.111       168       640    0.7468    0.5566     0.645    0.4513   0.04706   0.05764   0.02651
      1/49     9.81G   0.03249   0.03733   0.02233   0.09215       248       640     0.905    0.4797    0.6412    0.4391   0.04694   0.05347   0.02966
      2/49     10.4G   0.03158   0.03001   0.01428   0.07586       211       640    0.8576    0.4967    0.6596    0.4464   0.04341   0.05124   0.03353
      3/49     10.4G   0.03119   0.02855   0.01016   0.06991       257       640    0.8807    0.4961    0.6716    0.4388   0.04581   0.05043    0.0319
      4/49     10.4G   0.03079   0.02447  0.007014   0.06228       138       640    0.7576    0.5691    0.6841    0.4319   0.04679   0.04814   0.03465
      5/49     10.4G   0.03221   0.02683  0.007449    0.0665       224       640    0.7309    0.6013     0.718    0.4665   0.04478   0.05035   0.02839
      6/49     10.4G   0.03112    0.0247  0.006267   0.06209       192       640    0.6837    0.6563    0.7261    0.4843   0.04386   0.05134   0.02755
      7/49     10.4G   0.03272   0.02417  0.005675   0.06256       232       640    0.5529    0.5203    0.5144    0.2422   0.05821   0.04635   0.02625
      8/49     10.4G   0.04024   0.02299  0.005475   0.06871       233       640    0.5121    0.6209    0.5435    0.2595   0.05793   0.04814    0.0241
      9/49     10.4G   0.03836   0.02265   0.00701   0.06802        79       640    0.6944    0.7642    0.7865     0.472   0.04771    0.0498   0.02141
     10/49     10.4G   0.03399   0.02512   0.00601   0.06512       188       640    0.7683    0.7559    0.8032    0.4457   0.04952   0.04732   0.02223
     11/49     10.4G    0.0362   0.02489  0.005782   0.06687       182       640    0.7609     0.624    0.7511    0.4215   0.05293   0.04809    0.0214
     12/49     10.4G   0.03719   0.02405  0.005391   0.06663       201       640    0.8165    0.6868    0.7881    0.4979   0.05249   0.04694   0.02071
     13/49     10.4G   0.03609   0.02198  0.005455   0.06353       279       640    0.8132    0.7543    0.8294    0.5379   0.04955   0.04858   0.01947
     14/49     10.5G   0.03457   0.02382  0.005632   0.06403       161       640     0.858    0.6443    0.7522    0.4451   0.05839   0.04312   0.01946
     15/49     10.5G   0.03708   0.02148  0.005095   0.06366       172       640    0.8707    0.6335    0.7916    0.5357    0.0548    0.0448   0.01803
     16/49     10.5G   0.03531   0.02309  0.005714   0.06412       124       640    0.8124    0.6868    0.7677    0.4674   0.06162   0.04583   0.01827
     17/49     10.5G   0.03645   0.02372  0.005392   0.06556       191       640    0.8238    0.6677    0.7452     0.416   0.06138   0.04377   0.01759
     18/49     10.5G   0.03861   0.02166  0.005473   0.06575       218       640    0.6853      0.71     0.731    0.3859   0.06364   0.04349   0.01699
     19/49     10.5G   0.03902    0.0223  0.005998   0.06732       245       640    0.8129    0.8206    0.8577    0.4995   0.06316    0.0431   0.01691
     20/49     10.5G   0.03611   0.02297  0.005983   0.06507       181       640    0.8208     0.752    0.8284    0.5225   0.05489   0.04689   0.01637
     21/49     10.5G   0.03525   0.02352   0.00522   0.06399       174       640    0.7963    0.8068    0.8513    0.5149   0.05801   0.04434   0.01603
     22/49     10.5G   0.03513   0.02247  0.004764   0.06236       170       640    0.7792    0.7461    0.8198    0.4069   0.06238   0.04252   0.01584
     23/49     10.5G   0.04043   0.02391  0.005128   0.06946       268       640    0.5689    0.6028    0.6276    0.3166   0.07083   0.04189   0.01403
     24/49     10.5G   0.04071   0.02179  0.006333   0.06883       214       640    0.6324    0.6697    0.6995    0.3833   0.07322   0.03456   0.01261
     25/49     10.5G    0.0419   0.02096  0.005492   0.06836       195       640    0.8493    0.6181    0.7763    0.3819   0.07009   0.03214    0.0111
     26/49     10.5G   0.04165   0.01907  0.005789   0.06651       187       640     0.577    0.6635    0.6454    0.3494   0.06786   0.03217   0.01182
     27/49     10.5G   0.04266   0.01978  0.005769   0.06821       122       640    0.8668    0.7018    0.8379    0.4794   0.07168   0.03009   0.01015
     28/49     10.5G   0.04295   0.02096  0.005432   0.06935       167       640    0.6812     0.648    0.7094    0.3759   0.07733   0.02819   0.01266
     29/49     10.5G   0.04518   0.02135  0.005743   0.07227       172       640    0.7369    0.7825    0.8006    0.4372   0.07495   0.03004   0.01193
     30/49     10.5G   0.04131   0.02055  0.005033   0.06689       328       640    0.7842    0.7644    0.8075    0.3842   0.07611   0.02994   0.01101
     31/49     10.5G   0.04425   0.02135   0.00545   0.07105       165       640    0.7467    0.7044    0.7485     0.414    0.0864   0.02719   0.01032
     32/49     10.5G   0.04036   0.02019  0.005324   0.06587       248       640    0.7792    0.7744    0.7892    0.4708   0.07413   0.02988  0.008484
     33/49     10.5G   0.03778   0.02104  0.004372    0.0632       182       640    0.6823    0.7466    0.7114    0.3814   0.08324   0.02689  0.007145
     34/49     10.5G   0.03826   0.01946  0.004429   0.06215       128       640    0.7455    0.7742    0.7607    0.3841    0.0747   0.02921  0.006996
     35/49     10.5G   0.03875   0.02101  0.004521   0.06429       221       640    0.7812     0.731    0.7947    0.4368   0.07296   0.02906   0.00781
     36/49     10.5G   0.03487   0.02128  0.005006   0.06116       217       640    0.9655    0.8398    0.9226    0.5964   0.06703    0.0274  0.007569
     37/49     10.5G   0.03193   0.02127  0.003997    0.0572       173       640    0.9832    0.7913    0.9263    0.6099   0.06813   0.02734   0.00634
     38/49     10.5G   0.03375   0.01892  0.003736    0.0564       237       640    0.9302    0.7607    0.8825    0.4912   0.07345   0.02782  0.006287
     39/49     10.5G   0.03857   0.01968  0.003818   0.06206       307       640    0.7285    0.7801    0.7531    0.4196   0.07455   0.02779  0.006731
     40/49     10.5G   0.03627   0.01887  0.004434   0.05958       216       640    0.9188     0.789     0.885     0.518   0.07624   0.02814  0.007344
     41/49     10.5G   0.03419   0.01933  0.004806   0.05833       108       640    0.8882    0.7838    0.8978    0.5839    0.0724   0.02824  0.007113
     42/49     10.5G   0.03342   0.02208  0.004872   0.06037       181       640    0.9162    0.8016    0.9158    0.5943   0.06946   0.02755  0.007028
     43/49     10.5G   0.03412    0.0205  0.003831   0.05845       164       640    0.9146    0.8186    0.8909    0.5831   0.07068   0.02796   0.00698
     44/49     10.5G   0.03422   0.01938   0.00414   0.05774       111       640    0.8868    0.8342    0.9053    0.5785   0.07041   0.02837  0.006869
     45/49     10.5G   0.03175   0.01745  0.004509   0.05371       192       640    0.8998    0.8417    0.8892    0.6004   0.06956     0.029  0.006704
     46/49     10.5G    0.0313    0.0197  0.003548   0.05454       123       640    0.9271    0.8513    0.9102     0.623   0.06638   0.02903  0.007316
     47/49     10.5G   0.03131     0.017  0.003702   0.05201       218       640    0.9125     0.841    0.8978    0.5929   0.06615   0.02961  0.007062
     48/49     10.5G   0.03225   0.02149  0.004208   0.05795       157       640    0.9268    0.8096    0.9081    0.6242   0.06623   0.02899  0.006828
     49/49     10.5G    0.0294   0.01911  0.003554   0.05207       207       640     0.937    0.8144    0.9137    0.6402   0.06537    0.0296  0.006855
