      0/49     10.1G   0.03367   0.03887   0.03843     0.111       168       640    0.7469    0.5571    0.6449    0.4526   0.04704   0.05761   0.02652
      1/49       10G   0.03253   0.03735   0.02237   0.09225       248       640    0.9027      0.48    0.6445    0.4456   0.04686   0.05352    0.0296
      2/49     10.7G   0.03129   0.02986   0.01402   0.07516       211       640    0.5843    0.6485    0.6392    0.4538   0.04768   0.05183   0.02653
      3/49     10.7G   0.03111   0.02866  0.009905   0.06967       257       640    0.7319    0.6055    0.6687    0.4182   0.04601   0.05111   0.02919
      4/49     10.7G    0.0304   0.02451  0.007266   0.06218       138       640    0.8097    0.5663    0.6994    0.4249    0.0484   0.04931   0.03029
      5/49     10.7G   0.03202   0.02681  0.007505   0.06633       224       640    0.6683    0.7382     0.752    0.5131   0.05032    0.0493   0.02696
      6/49     10.7G   0.03182   0.02465  0.006331    0.0628       192       640    0.9157    0.5345    0.7355    0.5152   0.04777   0.05033   0.02551
      7/49     10.7G   0.03267   0.02436  0.006012   0.06304       232       640    0.4824    0.6158    0.5117    0.2312   0.06129   0.04638   0.02273
      8/49     10.7G   0.04005   0.02308   0.00589   0.06902       233       640    0.6417    0.6483    0.6859    0.4419   0.06171    0.0457   0.01979
      9/49     10.7G   0.03972   0.02218  0.007296    0.0692        79       640    0.8361    0.6475    0.7758    0.4591   0.05571   0.04623   0.01813
     10/49     10.7G    0.0368   0.02493  0.006478   0.06821       188       640    0.8422    0.6437    0.7904    0.4847   0.04937   0.04813   0.01954
     11/49     10.7G   0.03518   0.02571  0.006146   0.06703       182       640    0.7299    0.7171    0.7493    0.4038   0.05406   0.04753   0.02109
     12/49     10.7G   0.03584   0.02433  0.005308   0.06548       201       640    0.7647    0.7272    0.7963     0.462   0.05388   0.04712   0.02041
     13/49     10.7G   0.03703   0.02206  0.005422   0.06451       279       640    0.7924    0.5837    0.7046    0.3975   0.05948   0.04908   0.01813
     14/49     10.7G   0.03606   0.02381  0.005871   0.06574       161       640    0.8455    0.6781    0.7713    0.3486   0.05837   0.04581   0.01834
     15/49     10.7G   0.03661   0.02177  0.005165   0.06355       172       640    0.8213      0.77    0.8499     0.549   0.04849   0.04791   0.01788
     16/49     10.7G   0.03541    0.0228  0.005659   0.06388       124       640    0.8087    0.6918    0.8046    0.4483   0.05454   0.04774   0.01692
     17/49     10.7G    0.0363   0.02336  0.004786   0.06445       191       640    0.9253     0.714    0.8525    0.4857   0.06075   0.04502    0.0169
     18/49     10.7G   0.03777   0.02181  0.005394   0.06497       218       640    0.7197    0.8248    0.8426    0.4465   0.05772   0.04509    0.0161
     19/49     10.7G    0.0371   0.02231  0.005344   0.06476       245       640    0.8788    0.7684    0.8749    0.5799   0.05538   0.04442   0.01761
     20/49     10.7G   0.03358   0.02299  0.005724    0.0623       181       640    0.8168    0.7876    0.8537    0.5231   0.05084   0.04834   0.01716
     21/49     10.7G   0.03403   0.02353  0.004473   0.06203       174       640    0.8898     0.782     0.859      0.56   0.05207    0.0467   0.01813
     22/49     10.7G   0.03448   0.02237  0.003901   0.06075       170       640    0.7986    0.7613    0.8415    0.5471   0.05095   0.04686   0.01558
     23/49     10.7G   0.03962   0.02502  0.004559    0.0692       268       640    0.6438     0.656    0.6878     0.326   0.06588   0.04068   0.01688
     24/49     10.7G   0.04834   0.01959  0.006247   0.07418       214       640    0.7246    0.5898    0.6697    0.4057   0.07929   0.03345   0.01278
     25/49     10.7G   0.04733   0.01849  0.007683    0.0735       195       640    0.7723    0.6686    0.7162     0.391   0.08432   0.02817  0.009734
     26/49     10.7G   0.04939   0.01506  0.007789   0.07223       187       640    0.6705    0.6155    0.6813    0.3472   0.08011   0.02875  0.009142
     27/49     10.7G   0.04678   0.01582  0.008183   0.07078       122       640    0.6838    0.7795    0.6903    0.3552   0.08068   0.02908  0.008859
     28/49     10.7G   0.04323   0.01723  0.007148   0.06761       167       640    0.6555     0.816    0.7644    0.3674   0.08022   0.02891  0.008522
     29/49     10.7G   0.04477   0.01919  0.007335    0.0713       172       640    0.8654    0.7917     0.848    0.4022   0.07285    0.0343  0.009732
     30/49     10.7G   0.03828   0.01969  0.006761   0.06474       328       640    0.9358    0.8111    0.8917    0.6171   0.06857   0.03516  0.008363
     31/49     10.7G   0.03714   0.02178  0.005726   0.06465       165       640    0.8454    0.8587    0.8761    0.5573    0.0681   0.03499  0.008185
     32/49     10.7G   0.03601   0.02044  0.005401   0.06186       248       640    0.9142    0.7658    0.8783    0.5916   0.06354   0.03625  0.007811
     33/49     10.7G   0.03343   0.02034  0.004509   0.05827       182       640     0.861    0.7887    0.8507    0.5184   0.06751   0.03344  0.007479
     34/49     10.7G    0.0354   0.01925  0.004845    0.0595       128       640    0.8749    0.7649    0.8649    0.5606   0.06859   0.03291  0.007464
     35/49     10.7G   0.03843   0.01934  0.004836    0.0626       221       640    0.8755    0.8411    0.8762    0.5195   0.06809    0.0337  0.008543
     36/49     10.7G   0.03457   0.02021  0.005534   0.06031       217       640    0.8762    0.8536    0.9012    0.5904    0.0626   0.03433   0.00777
     37/49     10.7G   0.03253   0.02102  0.004163   0.05771       173       640    0.9172    0.8042    0.8954    0.5526   0.06181   0.03439  0.007179
     38/49     10.7G   0.03263   0.01821  0.004128   0.05497       237       640    0.9303    0.8438    0.9039    0.5538   0.06256   0.03456  0.007419
     39/49     10.7G   0.03554   0.01917  0.004445   0.05915       307       640    0.8866    0.8515    0.8948    0.5681   0.06612   0.03395   0.00744
     40/49     10.7G   0.03374   0.01883  0.003776   0.05635       216       640    0.9418    0.8326    0.9025    0.5984   0.06256    0.0341  0.007735
     41/49     10.7G    0.0317   0.01883  0.004702   0.05523       108       640    0.8241    0.8356    0.8487    0.4784   0.06277   0.03384  0.007604
     42/49     10.7G   0.03256   0.02166  0.004762   0.05898       181       640    0.8845    0.8635    0.9093    0.6058   0.05899   0.03537  0.007213
     43/49     10.7G   0.03017   0.01974  0.003979   0.05389       164       640    0.9662    0.8436    0.9145    0.6152   0.05858   0.03637  0.007015
     44/49     10.7G   0.02997   0.01875  0.003688    0.0524       111       640    0.9425    0.8383    0.8973    0.6228   0.06264   0.03573  0.006966
     45/49     10.7G   0.03178   0.01722  0.003764   0.05277       192       640    0.9055    0.8643    0.9025    0.5819   0.06077   0.03599    0.0072
     46/49     10.7G   0.02883    0.0192  0.003147   0.05119       123       640    0.8801    0.8747     0.903    0.6329    0.0602   0.03525  0.007313
     47/49     10.7G   0.03037    0.0166  0.003117   0.05008       218       640    0.9089    0.8528    0.9062    0.6187   0.06036   0.03537  0.007577
     48/49     10.7G   0.03129   0.02072  0.003708   0.05573       157       640    0.8936    0.8619    0.9079    0.6406   0.05979   0.03553  0.007675
     49/49     10.7G   0.02787   0.01836  0.003091   0.04932       207       640    0.8757    0.8768    0.9019    0.6212   0.06055   0.03603  0.007612
