      0/49     10.4G   0.02408   0.02837  0.005268   0.05772       298       640    0.9007    0.9527    0.9778    0.9084    0.0467   0.04707  0.005859
      1/49     10.1G    0.0222   0.02694  0.004764   0.05391       470       640    0.9196    0.9229    0.9732    0.9024   0.04655   0.04414  0.005566
      2/49     10.7G   0.02128   0.02431  0.004644   0.05023       334       640    0.9089    0.9217     0.976    0.8972   0.04611   0.04346  0.005683
      3/49     10.7G   0.02226   0.02745  0.004416   0.05412       466       640    0.9179    0.9176    0.9749    0.8931   0.04584   0.04291  0.005829
      4/49     10.7G   0.02168   0.02322  0.004234   0.04913       283       640    0.8576    0.9864    0.9737    0.8529    0.0481   0.04352  0.006417
      5/49     10.7G   0.02153   0.02534  0.003354   0.05023       427       640     0.913    0.8844    0.9557    0.8893   0.04679   0.04428  0.005793
      6/49     10.7G   0.02209   0.02517  0.003732   0.05099       314       640    0.8421    0.9485    0.9563    0.8687   0.04769   0.04532  0.006625
      7/49     10.7G   0.02403    0.0257  0.004397   0.05413       401       640    0.8632    0.8983    0.9535    0.6675   0.06088   0.04795  0.007478
      8/49     10.7G   0.02973   0.02587  0.004219   0.05981       435       640    0.8155    0.8974    0.9168    0.6327   0.06059   0.04766  0.007653
      9/49     10.7G   0.02961   0.02561  0.004313   0.05953       156       640    0.9369    0.8826     0.953    0.7597   0.05016   0.04816  0.007579
     10/49     10.7G   0.03004   0.02943  0.003943   0.06342       302       640    0.8404    0.8936    0.9161    0.6841   0.05608   0.04607  0.008455
     11/49     10.7G   0.03053   0.02968  0.004527   0.06474       277       640    0.9569    0.8782    0.9642    0.6852   0.05656   0.04413  0.007449
     12/49     10.7G   0.03101   0.02704  0.004206   0.06226       374       640    0.8634    0.8993    0.9615    0.7795   0.05861   0.04579  0.008004
     13/49     10.7G   0.03051   0.02612  0.005713   0.06234       451       640    0.6234    0.9253    0.7636    0.5591   0.05553   0.04598   0.02152
     14/49     10.7G   0.03104   0.02745  0.007885   0.06637       301       640    0.7375    0.8159    0.8722    0.5849   0.06253   0.04622  0.008581
     15/49     10.7G   0.03171   0.02513  0.005364    0.0622       260       640    0.5995    0.8977    0.8614    0.4943   0.06648   0.04476  0.009086
     16/49     10.7G   0.02993   0.02717  0.005039   0.06213       252       640    0.6943    0.8558    0.8595    0.5989    0.0577   0.04296  0.008117
     17/49     10.7G    0.0325   0.02849  0.004139   0.06513       387       640    0.7825    0.9001    0.9297    0.6175    0.0574    0.0438  0.007989
     18/49     10.7G   0.03153   0.02807  0.004153   0.06375       357       640    0.8297    0.8074    0.9006    0.6746   0.05246   0.04364  0.007705
     19/49     10.7G   0.03176   0.02961  0.004013   0.06538       481       640    0.9647    0.7136    0.9029    0.6884   0.05546   0.04318   0.01053
     20/49     10.7G   0.03108   0.02889  0.004198   0.06417       396       640    0.8851    0.8473     0.924    0.7464   0.05075   0.04649  0.009907
     21/49     10.7G   0.03174   0.02784  0.003804   0.06338       345       640    0.8802    0.8557      0.92    0.5973   0.06053   0.04578  0.009039
     22/49     10.7G   0.03233   0.02667  0.004445   0.06345       350       640    0.8544    0.8509    0.9292    0.6379   0.06121   0.04363  0.007169
     23/49     10.7G   0.03782   0.02815  0.004322   0.07029       387       640    0.6873    0.7846    0.8184    0.4267   0.07455   0.04177  0.007937
     24/49     10.7G   0.04122   0.02672  0.006054   0.07399       418       640    0.8138    0.6868    0.8398    0.5923   0.06768   0.04655   0.01007
     25/49     10.7G   0.03907   0.02993  0.005608   0.07461       484       640    0.7499     0.807    0.8367    0.5108   0.06487   0.04292  0.007844
     26/49     10.7G   0.03609   0.02668  0.005011   0.06778       375       640    0.8361    0.6398    0.7784    0.4326   0.08051    0.0363  0.006257
     27/49     10.7G   0.04468   0.02469  0.005506   0.07487       256       640    0.8223    0.7087    0.8225    0.4691   0.08676   0.03392   0.00605
     28/49     10.7G   0.04245   0.02444  0.005625   0.07251       288       640    0.8337    0.8349     0.894    0.5881   0.08174   0.03962  0.007428
     29/49     10.7G   0.03893   0.02761  0.006054    0.0726       307       640    0.8435    0.7707    0.8614    0.5989   0.07674   0.03904  0.006625
     30/49     10.7G   0.03664   0.02615   0.00606   0.06885       451       640    0.9335    0.7856    0.9279    0.7044    0.0733   0.03774  0.007333
     31/49     10.7G   0.03605   0.02796  0.006597   0.07061       198       640     0.936    0.7757    0.9305    0.7016   0.07102   0.03864   0.00765
     32/49     10.7G   0.03147   0.02694  0.005665   0.06408       444       640    0.8695    0.8763    0.9518    0.7413    0.0629   0.04132  0.007278
     33/49     10.7G   0.03217    0.0277  0.004885   0.06475       296       640    0.8949    0.7861    0.9106      0.62    0.0711   0.03925  0.006395
     34/49     10.7G   0.03787   0.02623  0.005584   0.06968       277       640     0.689    0.8738    0.8494    0.5683   0.07009   0.03865   0.01023
     35/49     10.7G   0.03011   0.02781  0.005817   0.06374       380       640    0.8129    0.8636    0.8858    0.5869   0.06477   0.03788  0.007274
     36/49     10.7G   0.02951   0.02662  0.004441   0.06057       343       640    0.8756    0.8749    0.9306    0.7749   0.06261     0.037  0.005982
     37/49     10.7G   0.02873   0.02766  0.004316   0.06071       415       640    0.8827    0.7911    0.8788     0.553   0.06656   0.03719  0.006096
     38/49     10.7G   0.03074   0.02572  0.003937    0.0604       376       640    0.8416    0.8121    0.8576    0.5686   0.07661   0.03557  0.005986
     39/49     10.7G   0.03706     0.025  0.004511   0.06657       455       640    0.8645    0.8052    0.8882      0.68   0.07032   0.03586  0.006439
     40/49     10.7G   0.03064     0.024  0.004591   0.05923       348       640    0.9639    0.7992    0.9157    0.6641   0.06388   0.03735  0.006563
     41/49     10.7G   0.03039   0.02544  0.004039   0.05986       208       640    0.9325    0.7936    0.8851    0.7162   0.06481   0.03853  0.006376
     42/49     10.7G   0.03211   0.03055  0.004049   0.06671       344       640     0.967    0.8101    0.9125    0.6885   0.06308   0.03671  0.006524
     43/49     10.7G   0.02807   0.02661  0.004033   0.05872       323       640    0.9445    0.8193    0.9086    0.6467   0.06016   0.03806  0.006191
     44/49     10.7G   0.02859   0.02777  0.003705   0.06007       233       640    0.9516    0.8165    0.9027    0.7408   0.05642   0.03831  0.005829
     45/49     10.7G   0.02615   0.02629  0.003421   0.05587       370       640    0.9791    0.8248    0.9136    0.7147   0.05448    0.0378  0.005408
     46/49     10.7G   0.02539   0.02728  0.003308   0.05597       310       640    0.9974     0.766    0.9066     0.734     0.054   0.03775  0.005023
     47/49     10.7G   0.02753   0.02541  0.003092   0.05603       355       640    0.8786    0.8362    0.9067    0.6889   0.05525   0.03833  0.005235
     48/49     10.7G   0.02831   0.02926  0.003215   0.06079       255       640    0.8349     0.886    0.9097    0.7718   0.05295   0.03868  0.005549
     49/49     10.7G   0.02571   0.02493  0.002823   0.05346       403       640    0.8295    0.8864    0.9042    0.7721   0.05625   0.03912  0.005855
