      0/49     10.4G   0.03167   0.06028   0.04132    0.1333       345       640    0.7002    0.6836    0.7794    0.6011   0.03848   0.07642   0.02466
      1/49     10.2G   0.02742   0.05074   0.02411    0.1023       523       640     0.684    0.7497    0.8003    0.6147   0.03815   0.07074   0.02554
      2/49     10.8G   0.02736   0.04048   0.01265    0.0805       336       640    0.8536     0.661    0.8131    0.6098   0.03868   0.06743   0.02533
      3/49     10.8G   0.02853    0.0402   0.01033   0.07906       476       640    0.8064    0.7704     0.823    0.6267   0.04079   0.06535   0.02601
      4/49     10.8G   0.02777   0.03294  0.006179   0.06689       256       640    0.8372    0.7277     0.835     0.628   0.04019   0.06472    0.0273
      5/49     10.8G   0.02846   0.03549  0.006333   0.07029       494       640    0.8488    0.7607    0.8491    0.6087   0.04158   0.06409   0.02476
      6/49     10.8G   0.02799   0.03402  0.005451   0.06747       336       640    0.8894    0.7602    0.8672    0.6302   0.04307   0.06424   0.02395
      7/49     10.8G   0.03023   0.03205   0.00508   0.06737       383       640    0.5332    0.6708    0.5988    0.2524   0.06314    0.0595   0.02411
      8/49     10.8G   0.04153    0.0315  0.005395   0.07842       494       640    0.6923    0.7708    0.7035    0.4233   0.05161   0.06303   0.02303
      9/49     10.8G   0.03384    0.0337  0.005521   0.07306       151       640    0.7539    0.8554    0.8615    0.6229     0.043   0.06107   0.01898
     10/49     10.8G   0.03395    0.0349  0.005103   0.07395       305       640    0.7369    0.7517     0.758    0.4858   0.05171   0.05994   0.02008
     11/49     10.8G   0.03387   0.03547  0.005549   0.07489       297       640    0.8542    0.8064    0.8713     0.693   0.04791   0.05932    0.0158
     12/49     10.8G   0.03854   0.03279  0.004748   0.07609       355       640    0.5288    0.8172      0.63    0.3081   0.06586   0.04972   0.01594
     13/49     10.8G   0.04062   0.03022   0.00558   0.07643       412       640     0.784    0.7436    0.7995    0.4985   0.05105   0.04974   0.01028
     14/49     10.8G   0.03927   0.03155  0.005306   0.07613       307       640    0.5635    0.7333    0.6964    0.2185   0.06583   0.04642  0.009904
     15/49     10.8G   0.04268   0.03139   0.00602   0.08009       294       640    0.6491    0.8034    0.7316    0.3407   0.06843   0.04643  0.008503
     16/49     10.8G   0.03848   0.03134  0.005846   0.07566       249       640    0.7311    0.8112    0.7852    0.4124    0.0712   0.03921  0.008836
     17/49     10.8G   0.04121   0.02962  0.005224   0.07605       397       640    0.8019    0.7307    0.8019     0.389   0.07611    0.0362   0.01027
     18/49     10.8G   0.04072   0.02647  0.005451   0.07264       306       640    0.8319    0.7493    0.8356    0.4923   0.08363   0.03275  0.009837
     19/49     10.8G   0.04057   0.02664  0.005539   0.07274       474       640    0.7432    0.7669     0.754    0.4066   0.08428   0.03156  0.008152
     20/49     10.8G   0.03868   0.02796  0.005228   0.07187       422       640    0.7063    0.9315    0.8145    0.3836   0.07885   0.03505  0.008561
     21/49     10.8G   0.03639   0.02752  0.005015   0.06893       342       640    0.7402    0.7811    0.8166    0.4574   0.07281   0.03502  0.007729
     22/49     10.8G   0.03607   0.02851  0.004514   0.06909       374       640    0.8403    0.7796    0.8943    0.4855   0.06685   0.03993   0.00897
     23/49     10.8G    0.0384   0.03187  0.004624   0.07489       418       640    0.6212    0.6404     0.705    0.2473   0.07869   0.03695   0.01038
     24/49     10.8G   0.05299   0.02574  0.006147   0.08487       440       640    0.4071    0.7108    0.5393     0.244   0.08436   0.04017   0.01107
     25/49     10.8G   0.04358      0.03  0.006602   0.08018       464       640    0.4156    0.7123    0.5247    0.2552   0.09136   0.03236  0.005997
     26/49     10.8G   0.04292   0.02676  0.005519    0.0752       426       640    0.6867    0.7853    0.7902    0.4336   0.08021    0.0329  0.006529
     27/49     10.8G   0.04009   0.02612  0.004897    0.0711       271       640    0.8585    0.7942    0.8817    0.4773    0.0781   0.03422  0.007931
     28/49     10.8G   0.04006   0.02725  0.005122   0.07244       306       640    0.8142    0.7493    0.8502    0.3908   0.07862   0.03324    0.0068
     29/49     10.8G   0.04123   0.02772  0.005761   0.07471       330       640    0.9041    0.8447     0.929    0.4539   0.07563   0.03568  0.006512
     30/49     10.8G   0.04391   0.02524  0.004885   0.07403       448       640    0.8648    0.8423    0.8882    0.4322   0.07714   0.03933  0.006142
     31/49     10.8G   0.04207   0.02847  0.005031   0.07557       244       640    0.9603    0.8331    0.9228     0.539   0.07042   0.04377  0.005976
     32/49     10.8G   0.03796    0.0285  0.005191   0.07165       472       640    0.8156    0.8659    0.8912    0.5622   0.07264   0.04224  0.005573
     33/49     10.8G   0.03918   0.02971   0.00458   0.07347       326       640    0.8316    0.8472    0.8909    0.6153   0.07309   0.03854    0.0065
     34/49     10.8G    0.0354   0.02955  0.005138   0.07009       275       640    0.8274     0.846    0.9186    0.5867   0.07905   0.03337   0.00654
     35/49     10.8G   0.03759   0.02825  0.004726   0.07057       364       640    0.6181    0.6795    0.6162    0.3111   0.09427    0.0313  0.006461
     36/49     10.8G   0.04231   0.02543  0.005768   0.07351       370       640    0.8825    0.8527     0.925    0.6468   0.08322   0.03594  0.009859
     37/49     10.8G   0.03665   0.02798  0.007441   0.07207       353       640    0.8804     0.836    0.8868    0.4165   0.08079   0.03725  0.006398
     38/49     10.8G   0.03759   0.02679  0.006049   0.07043       363       640    0.8944    0.7066    0.8382    0.4228   0.07448   0.04248  0.005905
     39/49     10.8G   0.03727   0.02783  0.005645   0.07075       482       640    0.7983    0.7726    0.8665    0.4491   0.06408   0.04304  0.005858
     40/49     10.8G   0.03414   0.02725  0.005538   0.06693       351       640    0.8515    0.8689    0.9062    0.6741   0.06326   0.03799  0.006428
     41/49     10.8G   0.03075   0.02688  0.005467    0.0631       237       640    0.9854    0.8651    0.9708    0.6364   0.06057    0.0374  0.006251
     42/49     10.8G   0.03144   0.03166   0.00514   0.06824       332       640    0.9951    0.8697    0.9665     0.751   0.05889   0.03734   0.00616
     43/49     10.8G   0.03017   0.02895  0.004649   0.06377       303       640    0.8787    0.8843     0.946    0.5774   0.05774   0.03826  0.006036
     44/49     10.8G    0.0313   0.03036  0.004314   0.06597       268       640    0.9288    0.8236    0.9387    0.6822   0.06143   0.03601  0.005782
     45/49     10.8G    0.0304   0.02751  0.004395    0.0623       393       640    0.9131    0.8956    0.9283    0.6729   0.05309    0.0375  0.006005
     46/49     10.8G   0.02765   0.03029   0.00438   0.06232       319       640    0.9689    0.8919    0.9687    0.7636   0.05228   0.03688  0.005861
     47/49     10.8G   0.02803   0.02671  0.003733   0.05847       404       640    0.8568    0.8883    0.9212    0.6869   0.05543   0.03636  0.005573
     48/49     10.8G   0.03125    0.0308  0.004336   0.06638       293       640    0.9049    0.8522    0.9541    0.7194   0.06084   0.03448  0.005267
     49/49     10.8G   0.03138   0.02692  0.003694   0.06199       398       640     0.813    0.8408    0.9155     0.615   0.06544   0.03532  0.005662
