      0/49     3.66G   0.02378  0.004899  0.002613   0.03129       344       640    0.9519    0.9036    0.9763    0.8808   0.04939  0.009346  0.004639
      1/49     3.31G   0.02218  0.004708  0.002364   0.02925       519       640    0.9559    0.9149    0.9762    0.8779    0.0487   0.00903  0.004446
      2/49     4.34G   0.02247  0.004604  0.002305   0.02938       361       640    0.9493    0.9244    0.9767    0.8774   0.04826  0.008592  0.004296
      3/49     4.34G   0.02202  0.004879  0.001963   0.02886       506       640    0.9843    0.8937    0.9765    0.8688   0.04789  0.008362  0.003998
      4/49     4.34G   0.02164  0.003921  0.001999   0.02756       260       640     0.993     0.878    0.9757    0.8769   0.04406  0.008576  0.004139
      5/49     4.34G   0.02191  0.004437  0.001849    0.0282       420       640    0.9902    0.8861    0.9761    0.8334    0.0472  0.008121   0.00422
      6/49     4.34G   0.02162  0.004293   0.00167   0.02758       330       640    0.9845    0.9104    0.9758    0.8592   0.04491  0.008257  0.004066
      7/49     4.34G   0.02219  0.004466  0.001624   0.02828       417       640    0.9845    0.8632    0.9712    0.8191   0.04847  0.008037  0.004242
      8/49     4.35G   0.02775  0.004626   0.00166   0.03404       478       640     0.931    0.8836    0.9672    0.7573   0.05027  0.008004  0.004599
      9/49     4.35G   0.02572   0.00451  0.001828   0.03206       174       640    0.9042    0.9034    0.9642    0.7201     0.048  0.008503  0.004637
     10/49     4.35G   0.02666  0.004956  0.001572   0.03318       316       640    0.9116    0.9153    0.9644    0.7736   0.04522  0.008259   0.00437
     11/49     4.35G    0.0283  0.004991  0.001859   0.03515       296       640    0.7741    0.8967    0.9041    0.6552     0.059  0.007274  0.004184
     12/49     4.35G   0.02902  0.004597  0.001967   0.03558       403       640    0.8131    0.9008    0.9307    0.7382    0.0604  0.006762  0.003997
     13/49     4.35G   0.02966   0.00448  0.001875   0.03602       398       640    0.8634    0.9114    0.9269    0.7561   0.04955  0.007773  0.003767
     14/49     4.35G   0.02849  0.004541  0.001856   0.03489       312       640     0.935    0.8969    0.9654    0.7209   0.05394  0.007371  0.004018
     15/49     4.35G   0.02806  0.004432  0.001558   0.03405       289       640    0.9561    0.8962    0.9658    0.7713   0.05031  0.007341  0.004051
     16/49     4.36G   0.02771  0.004474   0.00168   0.03386       252       640    0.9312    0.9128    0.9638    0.7809   0.04541  0.007614  0.004002
     17/49     4.36G   0.02911  0.004954  0.001717   0.03578       410       640    0.9354    0.8831    0.9684    0.7455   0.04994  0.007297  0.004428
     18/49     4.36G   0.02968   0.00474  0.001462   0.03588       316       640     0.933    0.8108    0.9371    0.6239   0.05437  0.007305  0.004537
     19/49     4.36G   0.03033   0.00487  0.002063   0.03727       460       640    0.9504    0.8717    0.9581    0.7343   0.05058  0.007092  0.003984
     20/49     4.36G   0.02721  0.004953  0.001584   0.03375       385       640    0.8965    0.8867     0.954    0.7613   0.05339  0.006666  0.003598
     21/49     4.36G   0.03031  0.004646  0.001663   0.03662       361       640    0.8936    0.8635    0.9379    0.6411   0.05045  0.007197  0.004114
     22/49     4.36G   0.02973   0.00536  0.001777   0.03686       358       640    0.8599     0.918     0.952    0.7345   0.05145  0.007133  0.003621
     23/49     4.36G   0.03454  0.005069  0.001742   0.04136       454       640    0.7567    0.7267    0.8221    0.3732   0.06156  0.006802  0.003052
     24/49     4.36G    0.0391  0.004598  0.002286   0.04598       421       640    0.8042    0.8685    0.9067     0.563     0.067  0.006485  0.003861
     25/49     4.36G   0.03792  0.004704  0.002618   0.04524       432       640    0.7881    0.9333    0.9281     0.682   0.06554  0.005995  0.004365
     26/49     4.36G   0.03696  0.004156   0.00183   0.04294       423       640    0.8351    0.8526    0.8949    0.5627   0.06772  0.006369  0.003983
     27/49     4.36G   0.03457  0.004521  0.002015   0.04111       228       640    0.7187    0.8978    0.8847     0.522   0.06669  0.006884  0.003545
     28/49     4.36G   0.03719  0.004615  0.002062   0.04386       337       640    0.7879    0.8656    0.9007    0.5763   0.06724  0.006982  0.003273
     29/49     4.36G   0.03523  0.004696  0.002466   0.04239       357       640    0.8186    0.8457    0.8882    0.6377   0.05867   0.00732  0.003598
     30/49     4.36G   0.03175  0.004555  0.002109   0.03842       445       640    0.7707    0.8946    0.8971    0.6432   0.05362  0.007769  0.003679
     31/49     4.36G   0.02946  0.004927  0.001941   0.03633       197       640    0.8193    0.9367    0.9226    0.7143   0.04996  0.007654  0.003547
     32/49     4.36G   0.02727  0.004542  0.001583    0.0334       459       640    0.8798    0.8995    0.9369    0.7231   0.04714  0.007389  0.003649
     33/49     4.36G   0.02642  0.004687  0.001516   0.03263       333       640    0.8824    0.8912    0.9314     0.676   0.05559  0.006825  0.003447
     34/49     4.36G   0.03205  0.004774  0.001877    0.0387       251       640    0.7567    0.9392    0.9124    0.6569   0.05544  0.007021  0.003731
     35/49     4.36G   0.02997  0.005131  0.001638   0.03674       409       640    0.8413    0.9339    0.9373    0.6984   0.05329  0.007074  0.003432
     36/49     4.36G   0.02995  0.004763  0.001674   0.03638       389       640    0.8942    0.8846    0.9373    0.7361   0.05629  0.006689  0.003514
     37/49     4.36G   0.02991  0.004733  0.002151   0.03679       376       640    0.8609    0.9287     0.939     0.707   0.05206  0.006651  0.003636
     38/49     4.36G   0.02793  0.004428  0.001415   0.03377       358       640    0.8596    0.9384    0.9449    0.6328   0.05301  0.006779  0.003481
     39/49     4.36G   0.03217  0.004585  0.001405   0.03816       462       640    0.8525    0.9276    0.9338    0.6236   0.05445  0.006966  0.003717
     40/49     4.36G   0.02887  0.004598  0.001754   0.03522       300       640    0.8408    0.9467    0.9351    0.7571   0.05016  0.007167  0.003524
     41/49     4.36G   0.02677  0.004613  0.001507   0.03289       217       640    0.8557    0.9367    0.9463    0.6844   0.04964  0.007049  0.003153
     42/49     4.36G   0.02635  0.004967  0.001421   0.03274       335       640    0.8828    0.9235    0.9595     0.802   0.04444  0.006915  0.003064
     43/49     4.36G   0.02562  0.004756  0.001354   0.03173       349       640    0.8813    0.9217    0.9569    0.7387   0.04355  0.006939  0.003094
     44/49     4.36G   0.02589  0.004659  0.001325   0.03188       250       640    0.9242    0.8823     0.953    0.8051   0.04225  0.007055  0.003219
     45/49     4.36G   0.02363  0.004499   0.00137    0.0295       340       640    0.9171    0.8936    0.9539    0.7877   0.04549  0.006954   0.00334
     46/49     4.36G   0.02465   0.00479    0.0016   0.03104       323       640    0.9516    0.9244    0.9634    0.7992   0.04186  0.006983  0.003409
     47/49     4.36G   0.02396  0.004391  0.001226   0.02958       384       640    0.9309    0.9257    0.9623    0.8232   0.04138  0.007005  0.003544
     48/49     4.36G   0.02372    0.0052  0.001279    0.0302       294       640    0.9113    0.9278    0.9605    0.8136   0.04085  0.006904  0.003725
     49/49     4.36G   0.02169  0.004428  0.000985   0.02711       417       640    0.9544    0.8854    0.9592    0.8152   0.04234  0.006787  0.003787
